848728
321959
672006
501882
299995
948683
905160
476617
385323
117354
374758
118563
427087
509475
375262
418691
421988
378346
253419
366825
433648
951500
891792
187703
463615
357691
264082
229981
511746
188614
294681
480223
595132
841071
079180
676896
142526
308627
656566
024816
114875
531692
062793
861231
462358
157742
403159
157414
610580
613383
824020
974033
845191
633919
466146
843991
728709
968522
274916
396595
492297
323443
525254
476147
135664
730521
372283
900815
090996
588886
295698
870169
810546
730047
583474
982237
008276
070733
662348
611209
247370
885005
893079
546367
765997
790447
922467
178674
329382
541173
369759
196485
481268
900895
935839
866324
951758
378032
243556
170084
543342
465802
874264
372813
791408
932761
217199
751468
621957
538437
398253
554287
009723
971688
722623
031951
634997
222685
173015
362263
707522
618038
475163
459971
355618
960242
854326
789525
740150
519910
332408
400452
339863
080708
402489
332882
521177
929824
422160
086755
674989
922269
643948
564814
760420
708354
822168
266546
684533
032095
969397
737334
224152
294251
153621
722442
348431
920775
984566
731213
740436
244458
244831
794388
669042
345833
176376
322897
064623
178043
141040
047301
281809
832098
801061
249302
867793
691711
769724
561059
940170
262224
585305
445812
140910
926932
863797
753183
842580
297295
111292
453903
363004
717246
440900
142990
829259
723364
903255
205137
954722
539653
912081
101931
577890
367064
965263
299906
326837
572645
247604
731907
684277
933235
418408
781566
518375
210316
872142
587773
526614
454796
713499
913643
857433
687190
430768
877898
599347
112001
487396
211165
163375
034558
187160
722266
066619
835928
986457
175950
615963
228237
255562
319183
745601
634316
263581
177275
118819
451242
214254
700275
302564
900736
945176
354419
075385
608742
723056
731692
996168
254009
386850
568775
583077
981760
186118
495499
061724
249930
504343
217739
505169
819825
635311
137235
007074
247952
994610
083787
418072
950144
233486
582888
306583
228150
534595
743127
018700
205739
664204
016619
597285
172251
089156
932791
515217
826663
141549
220474
134243
526163
601288
296376
525788
804539
608339
597182
540699
718108
598496
429557
914432
346495
040832
398810
240518
423545
979081
584841
940270
385176
964768
774830
488077
054305
112239
899645
369964
636050
524616
829897
659189
303501
211263
151441
315112
819568
366597
645585
055196
852075
565727
130571
482842
188567
266511
058605
512279
028820
729871
491380
550204
066251
501456
382743
926963
466390
341139
101057
086332
229241
373349
316002
095633
286512
897501
682544
854614
722266
536362
911530
379197
509463
073411
197421
200863
058148
104525
955679
877016
894219
762765
137556
393990
922625
238906
585410
908699
822503
356780
674414
710630
658676
177128
355206
812233
595771
077940
808588
999418
062188
680007
141421
177442
482628
206957
376245
116364
471625
836788
427043
912249
155726
913141
118710
727765
107827
398086
649578
776430
034369
070931
583213
190475
150491
305873
130182
019550
452804
787475
309514
437789
725845
703226
387172
874617
070842
296749
892940
143319
389653
176346
843614
350866
094050
333070
025747
145729
562929
452070
991243
130673
029415
780063
910391
672206
372661
261207
032150
881883
802261
695240
044734
619994
326748
082236
305935
413623
759254
610590
355484
110382
518515
207749
206232
235393
169179
201723
071139
818896
224455
268454
891297
394875
390895
241868
934956
783949
886372
578989
011489
898652
008737
291589
982731
539425
656211
454867
244204
314873
958306
690790
724159
906613
524168
097273
934856
115117
018179
825609
886154
310684
109247
743943
255830
823289
089698
452391
033938
787392
797067
091691
105127
014807
765255
224728
426373
208962
589329
729654
481423
744061
079532
492673
076433
488069
909144
472524
123082
059500
147303
957706
320742
299405
859203
179971
798957
684459
808393
456433
483325
797441
727600
581203
948391
500213
273268
543345
058597
621400
844842
750820
454878
072934
441483
565622
841483
473700
652225
199373
051380
398115
546344
250352
157582
720030
679208
090656
456990
887789
393511
286388
986943
756349
312390
283520
138486
328494
798412
427408
138619
332519
776235
495684
409130
114902
190381
335308
516224
387265
950991
217244
010446
914135
144788
954819
562444
594910
041457
393937
208358
847877
549797
480536
921594
022451
149389
221589
533973
427425
117521
778791
883155
667714
439231
266573
046433
588649
012994
314349
744315
806922
591844
217256
032060
049384
700725
658890
527647
293150
871191
474695
101911
855922
589970
574861
553354
265871
283909
398475
449658
316396
291624
921246
704598
763939
838773
662464
822108
617588
167298
513006
824562
109743
481723
572463
709374
347749
615447
728324
823378
865988
606094
234149
279002
623253
785344
561308
197229
012983
331284
471125
404628
208430
130814
692045
250966
115669
658682
138282
573177
937656
526773
352584
043029
999290
111124
205542
014960
729061
025678
535672
578063
844832
746469
397797
650732
970936
801026
287381
426068
148965
008968
155078
951138
835114
699352
389032
497396
093364
522363
962892
392578
078405
698586
070682
752776
055435
248038
616989
831952
029051
979443
336600
537383
444197
716747
366394
607792
149049
236466
849703
118005
806670
131861
183724
142479
763613
026598
620366
367556
022769
176051
788039
572193
422324
838816
689705
848638
379987
839151
964218
352460
496472
583503
055374
195447
594255
600382
796371
693187
945324
033641
904735
191997
585718
951306
224286
735970
501320
823038
269223
674455
012913
700897
789332
550095
134758
485192
503056
675083
991812
275592
122626
302435
684535
654589
734263
204643
953008
081430
827398
085355
443258
078393
658781
412035
107080
042568
551403
971133
810116
877150
504617
836179
636640
094055
583930
725297
195301
590895
294072
557970
036682
730043
306395
982214
673564
954446
095140
250980
809420
894067
008783
842019
915921
354160
134904
957176
624852
616880
133730
382799
321615
306866
180525
952943
104760
183181
198808
144491
744664
780973
229345
786448
773618
910844
386122
220082
048092
265555
179488
778114
535007
564035
941958
276763
323640
338752
512477
443639
713840
875153
568267
332566
898051
369382
178853
540325
955193
850934
190147
150650
605094
076436
653993
395226
098045
046323
637013
667406
334444
944424
677509
914591
690162
063498
085495
250698
399760
879540
622853
760963
287931
765480
816431
597933
490823
334023
098938
778191
909903
975676
996118
141369
163356
825027
873957
754903
824412
353416
303787
028942
660374
335880
420034
670373
429371
402468
379553
005980
902125
588050
527267
966614
308794
110030
709768
207540
690218
897574
848419
289921
825537
160100
334706
419027
150530
690956
729232
385607
423077
345017
116738
764442
356065
776555
142914
993200
527885
492869
900192
597321
550707
244463
581250
668776
811214
925842
476906
815606
009041
504193
549332
668117
799006
146991
532665
754761
072391
357658
425702
358756
225155
826585
297261
590595
067528
135706
676883
913311
352819
244622
920607
063561
550305
804210
856475
340851
